1.000000000000000000e+00 0.000000000000000000e+00 0.000000000000000000e+00 0.000000000000000000e+00 0.000000000000000000e+00 0.000000000000000000e+00 0.000000000000000000e+00 0.000000000000000000e+00 0.000000000000000000e+00 0.000000000000000000e+00 0.000000000000000000e+00 0.000000000000000000e+00 0.000000000000000000e+00 0.000000000000000000e+00 0.000000000000000000e+00
5.000015000015000100e-01 1.000000000000000000e+00 0.000000000000000000e+00 0.000000000000000000e+00 0.000000000000000000e+00 0.000000000000000000e+00 0.000000000000000000e+00 0.000000000000000000e+00 0.000000000000000000e+00 0.000000000000000000e+00 0.000000000000000000e+00 0.000000000000000000e+00 0.000000000000000000e+00 0.000000000000000000e+00 0.000000000000000000e+00
-3.480423480423480341e-10 -1.641065962355849825e-10 1.000000000000000000e+00 0.000000000000000000e+00 0.000000000000000000e+00 0.000000000000000000e+00 0.000000000000000000e+00 0.000000000000000000e+00 0.000000000000000000e+00 0.000000000000000000e+00 0.000000000000000000e+00 0.000000000000000000e+00 0.000000000000000000e+00 0.000000000000000000e+00 0.000000000000000000e+00
1.584130584130584051e-08 1.052605989559958310e-08 -3.332871073144892948e-01 1.000000000000000000e+00 0.000000000000000000e+00 0.000000000000000000e+00 0.000000000000000000e+00 0.000000000000000000e+00 0.000000000000000000e+00 0.000000000000000000e+00 0.000000000000000000e+00 0.000000000000000000e+00 0.000000000000000000e+00 0.000000000000000000e+00 0.000000000000000000e+00
1.009738009738009707e-08 6.702619913119653750e-09 -6.665729652751478662e-01 5.068479639837336626e-01 1.000000000000000000e+00 0.000000000000000000e+00 0.000000000000000000e+00 0.000000000000000000e+00 0.000000000000000000e+00 0.000000000000000000e+00 0.000000000000000000e+00 0.000000000000000000e+00 0.000000000000000000e+00 0.000000000000000000e+00 0.000000000000000000e+00
1.458433458433458478e-08 9.756240100080400549e-09 5.411199177350017701e-04 5.621158262759776147e-02 2.791814005265749309e-03 1.000000000000000000e+00 0.000000000000000000e+00 0.000000000000000000e+00 0.000000000000000000e+00 0.000000000000000000e+00 0.000000000000000000e+00 0.000000000000000000e+00 0.000000000000000000e+00 0.000000000000000000e+00 0.000000000000000000e+00
1.261336261336261307e-08 8.379619912159650161e-09 -4.067846066147524486e-04 4.390158465600247500e-02 9.381849057300092887e-03 2.809830334923871242e-01 1.000000000000000000e+00 0.000000000000000000e+00 0.000000000000000000e+00 0.000000000000000000e+00 0.000000000000000000e+00 0.000000000000000000e+00 0.000000000000000000e+00 0.000000000000000000e+00 0.000000000000000000e+00
1.558513558513558471e-08 1.039200000576002390e-08 7.736049284780693598e-05 5.480786247422003016e-02 9.461735139425503024e-03 4.955368137671355422e-01 3.725278723376706513e-01 1.000000000000000000e+00 0.000000000000000000e+00 0.000000000000000000e+00 0.000000000000000000e+00 0.000000000000000000e+00 0.000000000000000000e+00 0.000000000000000000e+00 0.000000000000000000e+00
-7.907197907197907255e-12 -2.728316603518414075e-11 1.251950550779039177e-05 -2.414073142357698118e-05 -1.087821356896239550e-04 -1.217731698629942200e-03 5.351511603620141269e-04 5.452099347612926472e-03 1.000000000000000000e+00 0.000000000000000000e+00 0.000000000000000000e+00 0.000000000000000000e+00 0.000000000000000000e+00 0.000000000000000000e+00 0.000000000000000000e+00
1.559500559500559280e-08 1.039886000660003048e-08 5.697456804540722123e-05 5.486938294991903359e-02 9.428708039171883673e-03 4.991315783181208277e-01 3.675279427969982970e-01 9.999966089069618480e-01 -5.215324916733059171e-04 1.000000000000000000e+00 0.000000000000000000e+00 0.000000000000000000e+00 0.000000000000000000e+00 0.000000000000000000e+00 0.000000000000000000e+00
0.000000000000000000e+00 0.000000000000000000e+00 -6.246759493512556128e-06 -6.979600769135586033e-05 6.701346799730723616e-07 4.019924417655952516e-05 2.659276175779899583e-05 6.641794782733034602e-05 -1.251397438000012852e-05 3.010425415091934990e-05 1.000000000000000000e+00 0.000000000000000000e+00 0.000000000000000000e+00 0.000000000000000000e+00 0.000000000000000000e+00
0.000000000000000000e+00 0.000000000000000000e+00 0.000000000000000000e+00 0.000000000000000000e+00 0.000000000000000000e+00 0.000000000000000000e+00 0.000000000000000000e+00 0.000000000000000000e+00 0.000000000000000000e+00 0.000000000000000000e+00 0.000000000000000000e+00 1.000000000000000000e+00 0.000000000000000000e+00 0.000000000000000000e+00 0.000000000000000000e+00
7.733497733497733884e-11 8.054508696554787250e-11 6.835516568107325842e-06 2.721385024381542351e-04 -3.966268954483080118e-06 2.633849816249925896e-03 2.144721134574598034e-03 4.170076808694652033e-03 4.587742814067947622e-07 1.450676308546221260e-01 0.000000000000000000e+00 -1.324203224530906325e-05 1.000000000000000000e+00 0.000000000000000000e+00 0.000000000000000000e+00
-2.632481632481632390e-11 1.143826696446785839e-11 6.835516577390762051e-06 1.187378707460060452e-04 -1.116976026222146057e-04 1.806920642318899999e-05 -2.588885589042693065e-04 -1.070630715329217884e-03 2.804377713471739791e-07 1.437731993142919440e-01 0.000000000000000000e+00 8.526012791994081450e-05 -8.668860256670814224e-02 1.000000000000000000e+00 0.000000000000000000e+00
-3.000003000003000242e-11 -1.999999999999999879e-11 2.686702523066080662e-15 -1.046867504649956823e-04 -7.352069488565734395e-05 -1.026024660583738698e-03 -9.481251074861239171e-04 -1.320654770696776245e-03 5.269631961609446259e-07 -1.638694901600322180e-04 0.000000000000000000e+00 1.143997509408888999e-06 -1.550674794935711504e-02 -3.640019313709820471e-04 1.000000000000000000e+00
